# Created by Octave 3.6.2, Tue Nov 04 17:58:51 2014 HKT <waldronluo@Debian>
# name: results
# type: scalar struct
# ndims: 2
 1 1
# length: 3
# name: model
# type: scalar struct
# ndims: 2
 1 1
# length: 4
# name: n
# type: matrix
# rows: 4
# columns: 1
 7
 14
 12
 27


# name: phi
# type: matrix
# rows: 4
# columns: 1
 0.125
 0.234375
 0.203125
 0.4375


# name: mu
# type: matrix
# rows: 4
# columns: 3
 0.5097844483611625 0.06380669727891157 0.8121154081632653
 0.3539231870748299 0.2373350874561946 -3.546688447278912
 0.2900075972222222 0.1335634497354497 -0.643729812765816
 0.4056481273849608 0.09490490035273369 0.1848558672839506


# name: cov
# type: matrix
# ndims: 3
 3 3 4
 0.0006184382679739039
 -0.0002141153119051771
 -5.926249662436394e-05
 -0.0002141153119051771
 0.004168563916099727
 -0.01482241897744447
 -5.926249662436394e-05
 -0.01482241897744447
 0.3962172572907954
 0.0405030398720485
 -0.00181581360804336
 0.2881291182271872
 -0.00181581360804336
 0.02008986167935309
 0.1113779209103549
 0.2881291182271872
 0.1113779209103549
 14.08533965210885
 0.002583898144340085
 -0.0006968420042540426
 0.005933985602815973
 -0.0006968420042540426
 0.003278757456776029
 0.01384009952605132
 0.005933985602815973
 0.01384009952605132
 1.359054719061387
 0.008406506354875736
 -0.0008040966240390535
 0.004409150933044021
 -0.0008040966240390535
 0.003792325348346656
 0.004202479106868901
 0.004409150933044021
 0.004202479106868901
 0.2588125223740022




# name: pls
# type: matrix
# rows: 60
# columns: 1
 1
 4
 1
 4
 4
 1
 4
 2
 4
 3
 3
 2
 4
 2
 4
 2
 4
 4
 4
 3
 4
 2
 4
 2
 4
 2
 4
 2
 4
 2
 4
 2
 2
 2
 4
 4
 4
 4
 4
 3
 4
 3
 4
 3
 4
 3
 4
 3
 4
 4
 4
 3
 4
 3
 4
 4
 1
 3
 1
 4


# name: data
# type: matrix
# rows: 60
# columns: 4
 0.4923578571428572 0.040522 1.925655 1
 0.472218 0.03282833333333333 0.5685749999999999 1
 0.5280357142857143 0.01840071428571429 0.5825650000000001 1
 0.5030333333333333 0.21737 0.39796 1
 0.29318 0.145975 0.3331499999999999 4
 0.5562300000000001 0.0428675 0.8417299999999999 1
 0.3986944444444445 0.07537142857142858 -0.08761333333333325 4
 -0.001605000000000051 0.1230128571428571 -15.51924833333334 2
 0.5624257142857143 0.061735 0.1062062499999999 4
 0.2765542857142857 0.2465008333333333 -1.446848 2
 0.26807 0.08973100000000001 -0.7397675 4
 0.06258000000000004 0.6186633333333332 -4.420362 2
 0.35968 0.1099375 0.07486999999999999 4
 0.3908849999999999 0.2764528571428571 -0.2778699999999999 2
 0.4390983333333333 0.1010916666666667 0.5550333333333332 4
 0.11382 0.1209522222222222 -2.801092857142857 2
 0.32778 0.03996857142857142 0.93898 4
 0.3700525 0.14186 1.016076666666667 2
 0.3528472727272727 0.025092 0.5516920000000001 4
 0.22776 0.143362 -2.30623 2
 0.3638833333333333 0.17993875 0.2050166666666666 4
 0.743896 0.278795 -2.96331 2
 0.30057 0.1623366666666667 0.27521 4
 0.43707 0.3407116666666667 -1.571116 2
 0.39041 0.1026966666666667 -0.8152174999999999 4
 0.585325 0.38984 -2.97333 2
 0.3275 0.08845333333333333 -0.009014999999999995 4
 0.3516033333333333 0.1784954545454545 -3.651243333333333 2
 0.389088 0.124352 -0.28243 4
 0.553356 0.03658 -6.213518571428572 2
 0.4107555555555555 0.05324599999999999 -0.49113 4
 0.3410475 0.281295 -1.9928925 2
 0.3470566666666667 0.315955 0.717785 4
 0.5025799999999999 0.14617 -4.532653333333333 2
 0.38399375 0.05200999999999999 -0.10908 4
 0.3418866666666666 0.142333 -0.3893799999999998 3
 0.34667 0.1351555555555556 0.4862860000000001 4
 0.30386 0.06866999999999999 -0.1188383333333334 3
 0.331475 0.04576714285714285 0.06223 4
 0.3547825 0.1516316666666666 -1.344893333333333 3
 0.3518414285714285 0.07071 1.0105525 4
 0.24606 0.2541133333333334 -0.3113849999999999 3
 0.413795 0.05276625 0.6244633333333334 4
 0.2526966666666667 0.095216 -2.195309090909091 3
 0.6011233333333333 0.185055 0.48645 4
 0.2132866666666667 0.2115 -0.04907157894736845 3
 0.4140985714285714 0.06584 -0.39031 4
 0.3152616666666666 0.1999942857142857 0.92872 3
 0.40652 0.03822 0.58388 4
 0.37264 0.07937666666666666 1.11165 3
 0.5668614285714285 0.07146 -0.5519825 4
 0.27866 0.08975200000000003 -0.4983899999999998 3
 0.4657828571428572 0.04022555555555555 -0.04305750000000008 4
 0.297075 0.124266 -2.438366666666667 3
 0.599125 0.08687222222222221 1.13144 4
 0.20625 0.092574 0.04898249999999993 3
 0.54017375 0.04246999999999999 0.3674666666666667 4
 0.297632 0.09333444444444444 -2.46847625 3
 0.5143871428571429 0.02438083333333333 1.464032857142857 1
 0.5022290909090908 0.07027749999999999 -0.09570999999999996 1




